2.770000000000000000e+02
2.180335680000000025e+02
1.600000000000000000e+01
8.560000000000000000e+02
4.040000000000000000e+03
1.600000000000000000e+01
1.678500000000000000e+03
2.630000000000000000e+02
8.600000000000000000e+01
1.500000000000000000e+01
3.150000000000000000e+02
1.000000000000000000e+00
1.000000000000000000e+00
1.636363999999999930e+00
1.000000000000000000e+00
1.210000000000000000e+02
3.290565665499999886e+04
2.580061807000000044e+03
1.000000000000000000e+00
1.000000000000000000e+00
3.233000000000000000e+03
1.000000000000000000e+00
1.034302317942599952e+07
1.173514359999999925e+02
9.000000000000000000e+00
1.000000000000000000e+00
1.851064000000000043e+00
1.382039609999999925e+02
1.754987880000000189e+02
4.200000000000000000e+01
1.000000000000000000e+00
1.000000000000000000e+00
3.000000000000000000e+00
3.000000000000000000e+00
1.000000000000000000e+00
1.603445079999999905e+02
8.600000000000000000e+01
6.669000000000000000e+03
1.672500000000000000e+03
4.200000000000000000e+01
1.000000000000000000e+00
2.789632000000000000e+06
1.634384919999999966e+02
2.763906250000000000e+06
1.000000000000000000e+00
1.706188779999999952e+02
1.521699680000000114e+02
6.553400000000000000e+04
1.000000000000000000e+00
1.000000000000000000e+00
1.207163395900000069e+04
1.616968888889999944e+05
1.000000000000000000e+00
1.687888079999999889e+02
1.000000000000000000e+00
1.000000000000000000e+00
1.645282832699999926e+04
1.000000000000000000e+00
1.000000000000000000e+00
6.857293940999999904e+03
1.393677869999999928e+02
1.000000000000000000e+00
2.596349196300000040e+04
3.000000000000000000e+00
1.655869773700000223e+04
1.552000000000000000e+03
1.000000000000000000e+00
1.545000000000000000e+03
9.600000000000000000e+01
1.504697359999999833e+02
3.016836410000000228e+02
1.000000000000000000e+00
2.530000000000000000e+02
1.000000000000000000e+00
1.687888079999999889e+02
4.514730881999999838e+03
4.200000000000000000e+01
1.000000000000000000e+00
1.265588070000000016e+02
4.760899700000000223e+01
6.507594799999999680e+01
3.150000000000000000e+02
7.711115039999999681e+02
3.347000000000000000e+03
2.058949308000000201e+03
1.417124210000000062e+02
6.927854527999999846e+03
2.397909543000000000e+09
5.200000000000000000e+01
1.354462500000000000e+07
1.000000000000000000e+00
2.287866383000000042e+03
1.668047695038920045e+08
1.675052923774519861e+08
1.579000000000000000e+03
9.800000010000000000e+08
4.040000000000000000e+03
1.000000000000000000e+00
1.000000000000000000e+00
3.335000000000000000e+03
1.629030419999999992e+02
1.601492590000000007e+02
1.000000000000000000e+00
1.354000000000000000e+04
1.613360690000000091e+02
4.762727399999999989e+01
1.000000000000000000e+00
9.400000000000000000e+01
1.000000000000000000e+00
6.543400000000000000e+04
1.355200000000000000e+04
1.000000000000000000e+00
1.110527610000000038e+02
1.000000000000000000e+00
1.391969349999999963e+02
6.959327029999999468e+02
1.000000000000000000e+00
1.000000000000000000e+00
2.530000000000000000e+02
1.632209229999999991e+02
8.620000000000000000e+02
1.000000000000000000e+00
1.500000000000000000e+01
7.316927099999999484e+01
1.486532377989999950e+05
1.439625029999999981e+02
7.219844000000000506e+01
1.466915950000000066e+02
1.909974839999999858e+02
2.783892250000000000e+06
2.601767493599999943e+04
1.780000000000000000e+02
3.311739547400000447e+04
2.209000000000000000e+03
7.065135910000000194e+02
1.215795187999999871e+04
1.000000000000000000e+00
